6.758315185072373277e-01
1.903492290563518097e+01
1.755452277080207235e+00
4.379217430965821833e+00
3.884688384370212244e+00
3.438458315675299470e+00
1.394405308395841558e+01
1.337931612165649575e+01
1.372006277421213838e+01
1.346513743613414427e+01
4.317124071914732575e+00
8.340757883352792890e-01
1.369017430170970684e+01
2.189772525529135550e+01
1.347182503847523805e+01
1.743397860680358402e+00
3.465136432326801241e+00
1.237517771311764037e+01
1.350280326776270456e+01
4.399380456489828894e+00
2.178336623081574430e+01
2.199728081089251219e+01
4.336879859896368927e+00
1.397555725399699078e+01
1.380909781203904352e+01
3.509066694970907729e+00
1.381653057723549693e+01
2.204913320662023324e+01
4.409496755960367942e+00
4.319281123375031228e+00
1.384830145096317722e+01
1.375320732946521751e+01
2.164768557482828371e+01
4.491269101736349079e+00
3.526410753197347425e+00
1.384830145096317722e+01
1.368226595181205596e+01
5.525785404607379405e+02
3.086039611640402995e+02
2.163637104458321403e+01
1.229996498378928038e+01
6.751906722944028161e+02
9.046566719751067467e+02
1.286697061763601901e+01
1.309532749698214360e+01
4.329213235810784433e+00
4.338918251296860262e+00
1.388014538126695463e+01
1.738801621747723791e+00
4.357994691292708112e-01
3.427931018295585996e+00
4.309371797263736314e-01
1.381210874537344857e+01
4.309371797263737314e+00
4.299485205200348048e+00
4.326318497626544968e+00
3.299543553317878963e+00
1.404046677469796300e+01
1.353385273095404351e+01
6.751906722944028161e+02
4.409496755960367942e+00
1.394405308395841558e+01
4.355469230262470681e+00
4.288795717421170828e+00
3.303310578601764469e+00
7.315449636905244635e-01
2.604256012608814896e-01
1.378483259247697390e+01
1.356200419664847345e+01
4.133315591256056187e+00
1.373208263263334850e+01
1.347086279601231951e+01
1.636966693681620484e+02
1.602424096676964504e+00
1.053642467756735002e+01
1.717884467485329525e+00
2.168825980162682754e+01
4.379217430965820768e+02
3.407367310915474956e+00
1.375320732946521751e+01
4.422803889467562755e+00
1.394062244953960494e+01
6.908782113038594161e+02
1.888284823145202296e+01
6.998169649528995784e-01
1.384830145096317722e+01
1.374960118667981845e+01
1.343445939063153638e+01
1.310558341829461959e+01
1.316592484165067312e+01
1.031966051886973323e+00
4.346941255383221403e+00
6.773754731413818035e+02
1.372165462136146274e+01
4.299176756642729060e+02
1.362457338386121819e+01
3.363711530547566775e-02
4.419636317687035465e+00
1.394141830592351283e+01
1.378463562195294401e+01
1.161668890114163766e+01
1.652775820936680296e+00
4.349146029363187838e-01
2.683893099547518091e+00
1.792632524793396840e+02
2.193985671827963557e+01
8.857443161571850743e-01
1.743397860680358402e+00
1.158544032872218921e+01
1.378483259247697390e+01
1.394405308395841558e+01
1.667034334499065906e+00
1.017980191265764445e+00
1.377866694192194608e+01
1.010365581067163276e+01
1.237424479470412031e+01
1.372165462136146274e+01
3.399550104093232772e+00
1.376804407976873179e+01
1.394405308395841558e+01
2.491998052439898359e+00
3.698738282827733315e+00
4.318316950114462038e+00
1.072565788351120819e+00
1.371601749677009252e+01
6.867919287916582904e-01
1.388014538126695463e+01
6.655793127191078629e-01
4.163929043621522830e+00
3.518053302709128083e+00
3.801793440520764844e-01
1.042126479625840263e+00
1.013777988409717112e+00
4.229864768771188999e+00
3.502587774184445113e+00
3.469949340143443361e+00
4.399380456489828894e+00
1.384830145096317722e+01
1.747406773987440820e+00
1.394405308395841558e+01
5.400313255284467004e+02
3.494350826017994738e+00
1.763433244269199118e+00
9.702193823773671566e-01
1.352326166268693086e+01
1.050162163571495944e+00
2.795736868903637262e+00
1.019634865700300708e+00
2.891199428277279604e-01
4.230911247984497692e+00
1.378483259247697390e+01
4.279780014710476976e+00
3.660883547624248502e-01
1.388014538126695463e+01
3.894494403737486010e+00
4.308309670871947716e+00
1.380261030487352514e+01
1.356497359185038221e+01
1.365876620443584244e+01
3.801913463366626278e+00
1.388014538126695463e+01
4.369170598542513884e-01
1.369017430170970684e+01
1.388014538126695463e+01
1.359044247700171404e+01
2.144481630755458923e+01
4.359146815635090100e+00
1.373065040406854997e+01
8.653860071280535804e-01
1.005036679971341051e+00
3.268088756818571028e+00
1.281720338019144378e+01
1.239811196401337856e+00
4.387850877722610399e+00
2.173696201752103718e+01
1.452271073286566683e+00
2.204913320662023324e+01
1.242631235181071148e+01
1.256988340636781487e+01
9.686683293028873765e-01
2.615872232589332436e-01
1.391206253613915145e+01
1.375320732946521751e+01
1.346927948959589116e+01
6.792910534429354996e-01
2.179736467097571051e+01
1.365655948763813754e+01
1.378483259247697390e+01
1.716659605691510437e+00
4.056533261323648221e-01
2.739500084609098884e-01
1.169885067710940874e+01
2.199658676926582856e+01
1.388014538126695463e+01
1.381653057723549693e+01
1.149780067068678768e+01
4.317260580116893287e+00
3.462544427933925029e+00
3.911853620975071166e+00
2.215065299700188461e+01
6.712912045813612671e-01
3.898090829990171202e-01
1.540003354083591125e+00
4.336618783130039567e+00
1.028557056336683040e+00
4.417114668503738351e+00
9.776927011722525984e-01
1.006009480336439310e+01
1.391206253613915145e+01
1.337097908953955194e+00
1.259692638336353987e+01
4.389287365906980654e+00
2.034421591190375977e+01
4.328136823541091971e+00
2.209983480808208611e+01
3.389133143925455172e-01
1.351983523768406847e+01
1.359083621242165307e+01
3.533459032737364947e+00
2.040880338742996258e+01
1.280799934667050977e+01
1.221306293404946608e+01
3.473011347874695787e+00
4.311045970144621320e-01
3.390406730073369346e+00
1.388014538126695463e+01
1.378483259247697390e+01
3.320309138721870279e-01
1.192669626550710849e+00
1.404046677469796300e+01
1.369017430170970684e+01
3.430184268674261627e+00
1.345963788838557562e+01
1.350280326776270456e+01
6.579745765968777471e-01
4.210292361667357319e+00
1.320202359437065454e+01
6.445402863784520653e-01
1.020652634161270500e+00
1.372165462136146274e+01
3.871822211739837094e+00
9.148481111421494782e-01
3.602121254477261836e-01
1.378243691574720842e+01
3.673626886169983896e-01
4.249622866269887389e+00
4.329213235810784433e+00
3.867130576271383124e-01
1.242317009046963605e+01
6.742942815683341529e-01
4.449355067142911402e+00
1.397611719349054482e+01
4.375748106888488032e+00
6.815263509789150076e-01
1.378483259247697390e+01
1.404046677469796300e+01
4.399380456489831204e+02
3.486534885058482303e+00
1.364911128300044751e+01
4.389287365906978380e+02
3.264627009820346260e+00
4.339168186967755858e+00
1.397611719349054482e+01
1.301558942543608133e+01
1.368878996217090993e+01
4.399380456489828894e+00
4.267829668180509906e+00
3.366104749346887637e+00
3.845541513270148481e+00
3.462334793446453229e+00
1.333524665703067846e+01
3.985646280112956852e+00
4.377691544764272358e+00
1.387934588622585252e+01
1.372165462136146274e+01
5.384351159635982625e-02
1.404046677469796300e+01
3.093135906493293987e+02
4.359146815635091912e+02
1.355138227891536040e+01
1.391206253613915145e+01
3.494552111884069667e+00
7.312801411072453739e-01
1.003039862267909088e+00
1.005946248773438079e+01
6.971038355501016914e-01
6.514480944931400064e-01
1.394405308395841558e+01
4.124131325199462239e+00
7.524216972252963931e-01
6.860045831755609242e+02
4.399380456489828894e+00
1.384830145096317722e+01
1.364469518938056325e+01
2.704733598000473305e-01
1.368659682729588312e+01
1.178927002881073216e+00
9.669665954318893455e+02
3.478536051412884689e+00
9.696919536853576549e-01
3.162579333706652118e-01
1.391206253613915145e+01
1.388014538126695463e+01
1.005420744376191999e+00
3.651922289609383365e-01
1.391126120267299449e+01
1.014357019242038804e+00
3.515541011161701590e+00
2.125354708301754059e+01
1.751424905721518988e+00
1.537050905981793836e+00
1.095439581748794300e+00
9.593083980875179995e-01
4.309371797263737314e+00
2.149903430163844575e+01
2.713249143756375936e+00
4.260165136086727422e+00
2.679449333358739915e-01
2.215065299700188461e+01
3.518714574875267065e+00
1.384830145096317722e+01
3.590850456587008632e-01
2.129371213180010614e+01
2.796204790642038418e-01
2.128628260023583962e+01
6.628285441661545541e-01
1.275240517151420860e+01
1.594899984416616956e+00
4.301150701095266093e+00
4.389287365906980654e+00
6.627529341605128366e+02
1.359616601462951735e+01
1.767590041611895479e+00
1.372165462136146274e+01
1.384830145096317722e+01
4.087627588834705783e+00
1.362743016384677297e+01
3.401436261094822888e-02
4.419381747059538235e+00
1.483838783918131732e+00
1.378483259247697390e+01
3.100248519153788038e+02
4.339168186967755858e+00
1.394405308395841558e+01
4.329213235810784433e+00
4.192218308075521982e+00
6.110803376735932488e+02
8.945836318191995318e-01
8.791988200712708146e-01
4.369170598542512884e+00
4.409496755960367942e+00
2.233696444685948634e+01
4.399380456489828894e+00
3.084606079568969790e+02
2.189772525529135550e+01
1.391206253613915145e+01
4.419636317687034079e+02
4.399380456489831204e+02
4.144349366714621965e+02
3.672904373734993122e-01
6.892931934956997111e+02
3.493518555067111730e+00
1.492220843829936694e+00
1.119962314861512098e+00
1.298572896568285984e+01
4.429799195160983416e+00
1.391206253613915145e+01
1.384830145096317722e+01
1.372165462136146274e+01
1.372165462136146274e+01
2.189179591601118346e+01
1.107615507108235864e+00
1.321118577687777673e+01
3.664037456326975750e+00
3.284841243124478338e-02
4.144349366714623173e+00
6.892327224303361390e+02
1.751424905721518988e+00
9.268920371499134170e-01
2.568772751632865337e+00
1.356497359185038221e+01
1.759488909309862903e+00
3.088011106612709167e+00
1.992972228086857456e+01
1.132627499368154655e+00
1.529707717536426870e+00
4.388720503579552457e+00
1.384830145096317722e+01
3.099162901714915961e+02
6.892534902739449763e+02
1.381653057723549693e+01
1.743297441130995606e+00
6.758414892315928180e-01
1.381653057723549693e+01
4.200459690115601497e+00
3.486232363635769715e+00
6.865997194301716178e-01
1.397064226480700810e+01
4.377176832505767834e+00
3.524328664499453811e+00
1.362743016384677297e+01
1.400825503388944071e+01
3.966898406254121046e+00
1.711141174623044048e+00
1.359616601462951735e+01
4.307784829667676618e+00
2.632616762163519919e+00
1.394405308395841558e+01
3.502435813734069647e+00
1.344248995090193510e+01
4.429799195160983416e+00
1.331799669381370066e+01
1.317375021192389006e+01
1.125200547175546406e+00
1.763534823705698251e+00
6.830980693712825902e-01
3.561401584870130810e-01
1.321944902951236855e+01
1.372165462136146274e+01
6.830632558431218859e-01
1.313017263587964445e+00
1.704106458370372001e+00
1.353271598452852942e+01
1.391206253613915145e+01
3.641743569430370142e-01
1.400825503388944071e+01
3.084730988586293279e+02
1.214462174385832594e+00
3.162277660168379523e+00
1.355595180206967676e+01
1.394405308395841558e+01
4.409296201876287569e+00
1.384830145096317722e+01
4.220961519699782230e+02
2.199350765882975978e+01
2.134431820606813091e+01
4.130516432375766489e-01
3.461739718365681284e+00
1.400825503388944071e+01
1.394060641090037223e+01
3.469476125267664912e+00
3.510641914351666504e+00
1.394405308395841558e+01
1.707630631483512573e+00
1.378483259247697390e+01
3.452370955237379135e+00
4.439985441996374682e+00
2.187932862493865471e+01
1.381150591246426451e+01
2.194807869678091095e+01
